#Catalog of 162 Orion proplyds observational properties.
#Name   RA  Dec Disk_diameter   IFDiameter  Projected_dist_theta_Ori
005-514 5 35 00.72 -5 25 21.4 4.5 203 9.2 414 264.1
#064-705 - - - - - - - notfound
066-652 5 35 06.82 -5 26 57.7 6.7 300 13.6 612 256.2
072-135 5 35 07.25 -5 21 36.9 7.5 336 10.5 472 176.3 visibledisk
073-227 5 35 07.35 -5 22 29.5 2.2 101 4.6 207 148.9
097-125 5 35 09.70 -5 21 26.5 2.2 101 4.6 207 155.8
102-021 5 35 10.16 -5 20 21.7 1.7 76 3.4 155 205.0
102-233 5 35 10.18 -5 22 34.8 2.6 118 5.4 241 107.4
106-156 5 35 10.60 -5 21 57.8 3.5 156 7.1 318 123.6
106-417 5 35 10.64 -5 24 19.6 2.0 90 4.1 184 103.8
109-247 5 35 10.95 -5 22 48.3 2.3 106 4.8 216 91.0
109-327 5 35 10.94 -5 23 26.6 3.1 141 6.4 288 83.7
109-449 5 35 10.60 -5 21 57.8 2.7 123 5.6 252 123.6
#114-426 5 35 11.42 -5 24 29.2 27.6 1242 - - 99.8 silhouette
117-352 5 35 11.80 -5 23 54.0 5.1 229 10.4 468 76.4
119-340 5 35 11.97 -5 23 42.0 1.3 59 2.7 121 70.2
#121-1925 5 35 12.00 -5 19 24.3 8.0 360 - - 247.4 silhouette
121-434 5 35 12.21 -5 24 36.4 1.4 62 2.8 126 96.3
124-132 5 35 12.36 -5 21 32.1 6.0 270 12.3 552 127.3
127-711 5 35 12.80 -5 27 08.3 1.7 75 3.4 153 229.2
128-044 5 35 12.77 -5 20 43.6 3.4 155 7.0 317 168.7
131-046 5 35 13.02 -5 20 46.0 2.9 132 6.0 270 165.3
131-247 5 35 13.13 -5 22 48.5 2.1 93 4.2 189 61.6
132-221 5 35 13.17 -5 22 22.0 0.7 33 1.5 68 79.2
132-222 5 35 13.17 -5 22 22.2 0.9 44 2.0 90 79.0
#132-1832 5 35 13.21 -5 18 32.3 9.4 423 - - 293.5 silhouette;notfound-BOM
135-220 5 35 13.52 -5 22 20.4 2.6 119 5.4 243 77.3
135-227 5 35 13.36 -5 22 27.2 1.6 73 3.3 148 73.6
137-222 5 35 13.73 -5 22 22.8 1.6 74 3.4 151 73.4
138-207 5 35 13.78 -5 22 07.6 3.1 139 6.3 283 85.9
139-320 5 35 13.95 -5 23 21.5 1.3 57 2.6 117 38.2
140-1952 5 35 13.95 -5 19 51.1 2.5 112 5.1 228 214.4
141-301 5 35 14.18 -5 23 02.1 7.1 317 14.4 648 40.7
141-520 5 35 14.15 -5 25 22.8 5.0 225 7.2 326 123.1 visibledisk
143-425 5 35 14.33 -5 24 26.5 3.0 137 6.2 279 70.1
143-522 5 35 14.43 -5 25 24.5 5.8 263 14.4 648 123.7 visibledisk
144-334 5 35 14.42 -5 23 34.9 1.9 84 3.8 171 32.8
147-323 5 35 14.74 -5 23 23.9 3.9 176 8.0 360 26.2
149-329 5 35 14.95 -5 23 30.1 1.4 62 2.8 126 23.8
150-231 5 35 15.01 -5 22 31.5 1.8 82 3.7 168 56.1
152-319 5 35 15.23 -5 23 19.6 2.2 101 4.6 207 18.9
152-738 5 35 15.36 -5 27 41.3 2.6 119 5.4 243 256.2
#153-1902 - - - - - - - notfound
153-321 5 35 15.37 -5 23 22.2 1.3 57 2.6 117 16.8
154-225 5 35 15.35 -5 22 25.6 1.9 87 4.0 178 59.8
154-240 5 35 15.38 -5 22 40.5 3.9 176 8.0 360 45.7
154-324 5 35 15.38 -5 23 25.0 1.6 71 3.2 144 16.4
155-338 5 35 15.55 -5 23 38.3 4.5 203 9.2 414 20.2
156-403 5 35 15.65 -5 24 04.2 2.1 93 4.2 189 42.2
157-323 5 35 15.73 -5 23 23.2 2.8 125 5.7 256 11.3
157-533 5 35 15.76 -5 25 35.2 2.7 123 5.6 252 131.1
158-323 5 35 15.84 -5 23 23.1 4.7 210 9.5 428 9.5
158-326 5 35 15.86 -5 23 26.2 4.8 216 9.8 441 9.5
158-327 5 35 15.81 -5 23 27.2 5.4 243 11.0 495 10.5
#158-425 - - - - - - - notfound
159-338 5 35 15.92 -5 23 38.8 2.1 93 4.2 189 17.4
159-350 5 35 15.97 -5 23 50.9 6.8 304 13.8 621 28.3
159-418 5 35 15.94 -5 24 18.9 2.6 119 5.4 243 55.6
160-353 5 35 16.02 -5 23 53.9 4.3 192 8.7 392 31.0
161-307 5 35 16.06 -5 23 07.5 3.2 146 6.6 298 16.9
161-314 5 35 16.11 -5 23 14.7 2.6 116 5.3 238 10.2
161-324 5 35 16.08 -5 23 24.9 3.9 176 8.0 360 6.0
161-328 5 35 16.08 -5 23 28.4 3.0 137 6.2 279 7.7
#163-026 5 35 16.19 -5 20 24.2 5.0 225 - - 178.0 silhouette
163-222 5 35 16.28 -5 22 21.4 2.8 127 6.0 268 61.4 visibledisk
163-249 5 35 16.32 -5 22 49.2 2.3 105 4.8 215 33.9
163-317 5 35 16.27 -5 23 16.7 4.1 186 8.4 380 7.1
#163-322 - - - - - - - notfound-starfeature
163-323 5 35 16.32 -5 23 23.2 2.9 132 6.0 270 2.2
164-511 5 35 16.42 -5 25 11.2 1.8 79 3.6 162 107.0
165-235 5 35 16.45 -5 22 35.5 3.3 150 6.8 306 47.4
#165-254 5 35 16.53 -5 22 53.8 3.2 144 - - 29.2 silhouette
166-250 5 35 16.57 -5 22 50.3 1.7 77 3.5 157 32.6
166-316 5 35 16.61 -5 23 16.3 2.2 101 4.6 207 7.1
#166-519 - - - - - - - notfound
#167-231 5 35 16.70 -5 22 31.0 5.6 252 - - 51.8 silhouette
167-317 5 35 16.74 -5 23 16.6 5.4 244 11.1 499 7.6
167-325 5 35 16.72 -5 23 25.5 3.7 165 7.5 337 4.6
168-235 5 35 16.79 -5 22 34.3 2.4 110 5.0 224 48.7
#168-326NW - - - - - - - notincluded
#168-326SE - - - - - - - notincluded
168-328 5 35 16.76 -5 23 28.3 3.2 143 6.5 292 7.0
169-338 5 35 16.89 -5 23 38.5 2.4 110 5.0 225 16.6
169-549 5 35 17.02 -5 25 48.8 1.6 74 3.4 152 144.7
170-249 5 35 16.95 -5 22 48.6 4.6 207 9.4 423 35.0
170-337 5 35 16.99 -5 23 37.4 5.6 251 11.4 513 16.3
171-315 5 35 17.10 -5 23 15.5 3.6 163 7.4 333 12.1 notfound-OW94
171-334 5 35 17.07 -5 23 34.4 3.5 156 7.1 319 14.5
171-340 5 35 17.07 -5 23 40.2 3.5 159 7.2 324 19.2
171-434 5 35 17.16 -5 24 35.3 1.8 79 3.6 162 72.4
#172-028 5 35 17.22 -5 20 28.1 6.0 270 - - 173.9 silhouette;notfound-BOM
172-327 5 35 17.20 -5 23 26.9 2.9 132 6.0 270 11.9
173-236 5 35 17.32 -5 22 35.6 4.7 214 9.7 436 48.8
173-341 5 35 17.34 -5 23 41.7 2.7 123 5.6 250 22.7
#174-400 - - - - - - - notfound
174-414 5 35 17.40 -5 24 14.5 2.5 115 5.2 234 52.9
175-251 5 35 17.45 -5 22 51.1 2.3 97 4.4 198 34.9
175-355 5 35 17.55 -5 23 55.5 2.3 106 4.8 216 36.2
176-325 5 35 17.55 -5 23 24.9 3.6 160 7.3 328 16.5
176-543 5 35 17.61 -5 25 44.3 6.7 300 11.7 525 141.3 visibledisk
177-341 5 35 17.67 -5 23 41.1 7.8 353 16.0 720 25.5
177-444 5 35 17.76 -5 24 44.4 1.3 60 2.7 122 83.2
177-454 5 35 17.73 -5 24 54.9 2.8 126 5.7 256 93.2
177-541 5 35 17.78 -5 25 42.2 3.8 171 7.7 348 139.5
179-353 5 35 17.96 -5 23 53.7 2.1 93 4.2 189 38.0
#179-536 - - - - - - - notfound
180-331 5 35 18.04 -5 23 30.7 4.5 201 9.1 410 25.2
181-247 5 35 18.05 -5 22 46.8 2.9 131 6.7 302 43.1 visibledisk
182-316 5 35 18.22 -5 23 15.3 2.1 95 4.3 193 27.6
#182-332 5 35 18.18 -5 23 31.4 3.0 135 - - 27.2 silhouette
182-413 5 35 18.21 -5 24 13.4 6.4 288 15.1 678 56.7 visibledisk
#183-405 5 35 18.33 -5 24 04.9 8.4 378 - - 50.5 silhouette
183-419 5 35 18.32 -5 24 19.5 3.6 163 7.4 333 62.8
183-439 5 35 18.31 -5 24 39.4 2.2 101 4.6 207 80.9
184-427 5 35 18.37 -5 24 27.2 2.5 115 5.2 234 70.0
184-520 5 35 18.49 -5 25 20.1 2.4 109 4.9 222 120.3
187-314 5 35 18.63 -5 23 13.4 2.7 123 5.6 252 34.0
189-329 5 35 18.85 -5 23 28.5 1.7 75 3.4 153 36.4
#191-232 5 35 19.32 -5 22 35.6 2.2 99 - - 63.6 silhouette
191-350 5 35 19.05 -5 23 49.5 4.5 203 9.2 414 47.5
197-427 5 35 19.65 -5 24 26.7 7.5 337 12.1 543 79.9 visibledisk
198-222 5 35 19.75 -5 22 20.3 2.0 93 4.2 189 79.2
198-448 5 35 19.84 -5 24 48.2 3.2 145 6.6 297 99.3
201-534 5 35 20.18 -5 25 34.6 1.7 78 3.5 159 142.7
202-228 5 35 20.08 -5 22 27.0 2.5 115 5.2 234 77.7
203-504 5 35 20.27 -5 25 04.4 4.3 194 8.8 396 116.6
#203-506 5 35 20.32 -5 25 05.9 6.0 270 - - 118.3 silhouette
205-052 5 35 20.37 -5 20 49.4 1.3 61 2.8 124 162.8
205-330 5 35 20.42 -5 23 28.8 3.0 137 6.2 279 60.3 brighterobject
205-421 5 35 20.52 -5 24 21.0 2.7 123 5.6 252 84.6 notfound-BOM
206-446 5 35 20.62 -5 24 46.5 7.0 315 16.3 734 104.6 visibledisk
#208-122 - - - - - - - notfound
212-260 5 35 21.18 -5 22 58.1 2.1 94 4.3 192 75.2
212-557 5 35 21.18 -5 25 57.6 3.2 145 6.6 297 170.0
213-346 5 35 21.26 -5 23 45.1 1.3 57 2.6 117 76.2
#215-317 - - - - - - - notfound
218-339 5 35 21.72 -5 23 38.0 2.0 93 4.2 189 81.2
#218-354 5 35 21.76 -5 23 52.7 15.0 675 - - 85.9 silhouette
#218-529 5 35 21.83 -5 25 28.5 5.6 252 - - 149.6 silhouette
#221-433 - - - - - - - notfound
222-637 5 35 22.23 -5 26 38.1 3.7 165 7.5 337 213.2
224-728 5 35 22.43 -5 27 29.2 5.4 243 11.0 495 261.5
228-548 5 35 22.83 -5 25 47.6 2.0 93 4.2 189 173.8
231-460 5 35 23.01 -5 24 59.7 2.0 93 4.2 189 138.9
231-502 5 35 23.12 -5 25 01.7 2.0 93 4.2 189 141.3
232-453 5 35 23.19 -5 24 52.2 1.8 79 3.6 162 135.7
236-527 5 35 23.57 -5 25 26.0 2.9 132 6.0 270 163.7
237-627 5 35 23.65 -5 26 27.2 2.9 132 6.0 270 214.0
#239-334 5 35 23.78 -5 23 31.9 5.2 234 - - 111.4 silhouette
239-510 5 35 23.94 -5 25 09.2 3.1 141 6.4 288 155.5
240-314 5 35 23.93 -5 23 11.5 1.2 53 2.4 108 113.5
242-519 5 35 24.21 -5 25 17.9 3.4 152 6.9 310 164.8
244-440 5 35 24.38 -5 24 38.5 8.6 387 56.0 2520 142.3 visibledisk;giantproplyd
245-502 5 35 24.46 -5 25 00.5 3.4 154 7.0 315 156.0
245-632 5 35 24.45 -5 26 31.4 3.4 154 7.0 315 224.0
247-436 5 35 24.63 -5 24 34.3 2.9 132 6.0 270 143.3
250-439 5 35 24.96 -5 24 37.0 2.2 101 4.6 207 149.0
252-457 5 35 25.15 -5 24 56.0 6.3 284 12.9 580 161.8
264-532 5 35 26.36 -5 25 30.2 1.8 79 3.6 162 197.2
266-557 5 35 26.58 -5 25 56.6 2.6 119 5.4 243 217.5
282-458 5 35 28.10 -5 24 55.8 8.8 397 18.0 810 200.1
#294-606 - - - - - - - silhouette;outofimage
